12 6 15 467 486 10 9 19 
11 13 13 479 465 18 12 13 
23 9 19 483 445 10 12 23 
40 12 13 459 426 18 21 35 
55 14 10 430 436 17 17 45 
61 11 23 394 417 22 20 76 
103 20 26 360 376 29 29 81 
98 39 38 323 365 29 35 97 
124 41 39 336 291 44 48 101 
137 40 48 281 286 57 56 119 
20 12 22 501 432 14 10 13 
18 3 17 483 459 18 18 8 
30 20 18 489 409 19 11 28 
48 12 12 458 425 26 16 27 
66 13 17 447 406 16 25 34 
95 21 26 431 355 26 24 46 
93 22 19 387 364 32 25 82 
120 16 28 359 328 51 38 84 
122 36 30 331 306 49 42 108 
145 46 47 290 267 63 51 115 
54 13 31 494 379 17 24 12 
54 14 13 512 406 11 6 8 
54 17 9 494 408 17 12 13 
65 17 24 456 392 29 17 24 
88 23 23 445 355 18 28 44 
93 14 19 409 385 28 25 51 
120 13 21 381 346 46 34 63 
125 41 26 346 303 59 47 77 
123 31 32 353 275 56 59 95 
146 32 43 276 270 74 77 106 
82 11 15 521 361 12 10 12 
83 16 16 504 359 16 18 12 
77 11 16 508 375 19 10 8 
92 18 22 490 324 29 21 28 
122 18 21 441 317 34 29 42 
123 22 33 435 276 44 44 47 
121 31 29 361 313 56 55 58 
144 31 26 366 277 66 51 63 
146 35 30 337 269 80 61 66 
155 38 49 315 240 74 73 80 
124 22 20 498 309 17 16 18 
135 10 14 487 320 24 21 13 
139 11 10 496 314 20 16 18 
142 11 12 475 309 23 27 25 
156 14 22 455 290 29 24 34 
153 21 27 385 312 38 34 54 
165 23 29 388 271 48 54 46 
176 23 32 342 259 66 64 62 
177 29 37 345 235 72 52 77 
183 33 38 303 219 104 75 69 
198 20 24 488 245 18 26 5 
167 17 10 538 261 11 16 4 
202 15 22 493 240 25 20 7 
227 19 13 445 254 33 22 11 
199 20 24 444 238 35 30 34 
211 22 18 429 226 41 44 33 
218 24 30 359 238 43 59 53 
203 30 27 361 231 51 60 61 
204 37 45 313 209 87 63 66 
215 37 36 279 204 87 102 64 
282 17 23 438 213 22 21 8 
261 11 14 472 212 25 16 13 
246 15 18 481 194 30 22 18 
244 22 22 415 232 36 36 17 
247 25 18 428 212 48 26 20 
275 23 24 350 211 58 53 30 
235 33 26 384 169 58 64 55 
280 39 38 316 166 54 73 58 
249 24 30 296 196 81 83 65 
226 40 43 252 187 96 111 69 
365 17 15 432 146 22 21 6 
339 23 12 436 140 37 25 12 
331 24 27 452 114 37 27 12 
305 31 24 408 158 34 45 19 
345 10 22 408 138 45 32 24 
320 39 30 357 143 41 57 37 
293 29 27 357 162 56 58 42 
297 38 21 325 145 72 75 51 
267 28 49 302 133 89 98 58 
277 43 49 242 142 83 109 79 
399 15 20 441 95 24 19 11 
422 21 20 387 98 27 31 18 
431 16 10 390 98 29 35 15 
399 19 29 382 109 34 36 16 
383 23 23 372 108 42 44 29 
377 39 37 331 112 47 46 35 
358 26 37 322 106 64 71 40 
330 45 47 309 107 62 75 49 
314 47 52 253 120 89 95 54 
306 56 45 223 121 101 93 79 
465 26 21 359 67 38 33 15 
485 10 19 357 75 32 25 21 
488 20 24 327 73 38 39 15 
454 29 33 333 57 53 45 20 
443 24 19 342 65 57 39 35 
416 35 29 300 74 71 52 47 
399 32 32 281 91 70 81 38 
404 38 37 254 85 77 76 53 
342 57 45 230 95 93 93 69 
317 67 64 196 112 100 92 76 
12 22 20 447 480 14 15 14 
21 10 26 451 468 22 15 11 
15 19 19 457 472 12 17 13 
23 24 35 413 439 25 27 38 
60 22 21 425 419 23 20 34 
55 29 27 397 401 22 21 72 
75 34 33 374 387 22 27 72 
102 41 35 329 341 44 30 102 
113 48 44 321 304 38 57 99 
140 61 73 257 246 50 58 139 
21 15 19 479 451 18 11 10 
32 32 23 439 456 14 15 13 
47 17 22 461 411 22 13 31 
43 20 16 465 417 19 14 30 
65 15 16 430 400 25 23 50 
73 20 36 369 404 39 17 66 
90 34 36 384 326 48 33 73 
116 35 30 366 304 44 40 89 
146 32 39 325 287 57 61 77 
151 45 60 284 257 54 63 110 
43 15 14 511 405 14 13 9 
46 17 28 519 375 13 18 8 
60 16 14 529 367 14 8 16 
79 19 27 439 372 27 23 38 
82 18 21 460 360 27 22 34 
102 14 22 430 346 32 33 45 
120 23 31 407 286 46 32 79 
129 37 41 357 276 51 52 81 
135 33 47 340 276 66 56 71 
161 41 34 309 243 67 76 93 
89 21 24 515 342 16 13 4 
87 10 14 510 354 19 20 10 
102 18 21 492 355 12 12 12 
101 15 23 479 328 21 23 34 
122 14 17 443 340 27 33 28 
134 14 25 444 290 43 39 35 
146 29 26 389 285 61 38 50 
179 30 38 351 251 52 60 63 
194 26 33 337 256 55 55 68 
176 44 41 279 228 80 91 85 
137 14 17 494 326 12 12 12 
145 15 25 491 288 29 15 16 
147 14 17 506 299 19 13 9 
144 31 19 482 274 26 34 14 
162 17 15 432 292 38 31 37 
167 21 26 438 254 39 44 35 
186 21 19 427 249 33 47 42 
193 26 32 356 237 76 60 44 
220 27 40 295 223 85 75 59 
197 37 36 309 209 74 89 73 
220 17 10 449 269 28 21 10 
217 11 24 476 254 17 19 6 
205 16 17 477 258 20 18 13 
209 14 16 482 245 25 18 15 
222 21 20 436 239 34 24 28 
221 18 24 423 219 45 45 29 
241 28 34 386 198 57 52 28 
254 20 18 383 186 59 66 38 
231 34 32 329 195 74 76 53 
219 48 37 288 178 89 91 74 
261 25 21 439 222 19 27 10 
286 8 20 447 216 17 22 8 
243 21 14 452 215 35 31 13 
289 18 17 422 200 22 34 22 
259 27 16 427 203 30 37 25 
298 26 22 379 168 50 43 38 
264 23 27 361 178 69 61 41 
286 25 40 310 171 75 70 47 
262 33 47 278 175 95 77 57 
250 37 54 277 161 85 101 59 
315 12 25 465 159 21 22 5 
355 16 19 428 151 25 21 9 
335 21 23 439 129 34 28 15 
324 22 21 415 148 35 40 19 
365 15 22 385 137 39 43 18 
336 16 25 381 144 48 45 29 
338 23 27 358 135 59 50 34 
347 35 29 304 129 70 70 40 
334 34 38 291 107 86 79 55 
290 44 51 276 123 90 96 54 
398 19 25 411 110 27 20 14 
412 23 19 394 110 31 24 11 
429 18 18 385 101 33 26 14 
436 18 12 371 99 38 38 12 
412 13 18 385 92 40 41 23 
370 32 32 359 104 49 47 31 
386 22 32 325 88 58 62 51 
364 36 31 293 102 74 79 45 
324 41 45 269 110 86 89 60 
355 35 47 245 103 82 113 44 
513 18 12 340 65 34 28 14 
529 10 10 356 58 23 21 17 
474 14 19 365 70 38 29 15 
481 23 27 331 74 37 33 18 
449 25 22 344 68 48 41 27 
454 30 27 330 60 51 48 24 
420 30 31 295 65 68 73 42 
391 40 50 264 74 84 74 47 
392 45 43 238 73 93 82 58 
360 50 63 201 80 95 111 64 
9 20 17 444 493 19 11 11 
20 19 26 405 516 16 11 11 
26 25 28 454 435 20 18 18 
42 33 26 432 425 23 8 35 
48 18 35 441 405 15 19 43 
62 45 30 410 353 24 32 68 
89 44 39 339 365 37 35 76 
117 38 59 338 297 39 32 104 
121 72 57 308 281 43 41 101 
140 71 51 235 283 55 56 133 
25 20 26 473 446 14 11 9 
24 33 31 482 416 17 12 9 
39 18 21 455 430 22 18 21 
60 31 37 430 395 18 20 33 
66 27 27 434 387 24 19 40 
79 24 26 383 379 40 31 62 
93 44 35 392 332 31 39 58 
124 45 38 348 283 56 42 88 
136 44 46 307 288 51 66 86 
148 52 62 276 231 65 77 113 
44 23 23 467 421 14 14 18 
49 17 19 475 416 19 18 11 
58 22 32 459 391 23 22 17 
98 24 26 444 362 32 10 28 
88 28 29 481 305 31 28 34 
113 28 16 441 317 35 32 42 
135 29 32 403 278 64 36 47 
138 29 42 366 295 39 52 63 
157 38 44 341 239 62 68 75 
162 53 48 297 222 81 76 85 
94 22 20 505 339 24 14 6 
101 19 13 481 369 17 15 9 
82 19 26 478 374 21 15 9 
118 29 30 457 322 26 26 16 
132 18 19 447 302 37 34 35 
151 25 28 378 324 47 30 41 
146 27 35 382 280 59 50 45 
189 27 33 360 241 51 58 65 
158 47 44 324 261 54 63 73 
195 40 38 306 218 80 74 73 
158 25 21 496 282 22 12 8 
159 20 22 455 329 17 17 5 
181 22 19 467 275 20 29 11 
165 16 16 494 278 19 21 15 
175 26 26 447 261 33 26 30 
212 26 24 414 246 41 25 36 
196 17 33 394 248 45 52 39 
220 27 27 395 207 47 60 41 
230 28 35 321 196 78 76 60 
198 56 40 285 181 115 87 62 
220 17 17 456 264 23 19 8 
228 16 27 440 257 24 19 13 
199 13 26 495 228 22 26 15 
242 13 20 455 215 32 30 17 
252 13 23 431 224 38 29 14 
257 31 37 383 189 52 45 30 
268 36 21 319 230 55 56 39 
245 29 16 381 176 68 63 46 
266 21 30 320 189 99 58 41 
242 34 53 308 161 72 94 60 
255 15 30 464 206 22 20 12 
277 11 17 495 193 13 12 6 
293 15 17 463 192 23 13 8 
286 16 18 428 189 36 40 11 
305 21 21 392 174 43 44 24 
311 10 15 415 158 36 48 31 
306 21 21 372 161 63 54 26 
292 28 42 348 147 52 70 45 
287 31 22 316 151 69 92 56 
290 32 27 306 138 85 96 50 
361 10 26 424 148 25 20 10 
352 8 15 450 136 22 26 15 
321 15 26 431 143 32 39 17 
344 16 24 452 115 31 32 10 
368 13 17 399 130 42 42 13 
371 18 14 378 128 47 34 34 
358 21 22 352 124 59 53 35 
322 30 34 337 112 71 83 35 
332 36 31 285 115 90 85 50 
292 40 50 270 114 93 89 76 
439 16 13 390 103 27 31 5 
418 15 23 392 98 29 30 19 
428 21 17 377 101 36 36 8 
436 14 23 385 90 32 25 19 
445 6 15 368 92 37 41 20 
420 20 22 347 75 62 48 30 
397 34 27 327 89 67 55 28 
383 34 20 316 80 77 71 43 
390 34 44 274 73 81 89 39 
355 62 55 242 77 95 93 45 
481 26 17 349 63 43 30 15 
532 17 21 328 59 30 26 11 
503 13 22 353 65 22 25 21 
510 15 12 343 52 31 30 31 
488 17 24 331 43 43 49 29 
470 25 21 311 52 57 54 34 
450 43 39 258 52 74 69 39 
461 40 34 246 63 87 64 29 
420 43 39 245 76 81 73 47 
407 47 35 226 55 99 102 53 
14 21 23 438 491 12 10 15 
14 32 25 420 490 18 13 12 
29 33 32 432 432 24 25 17 
52 32 29 414 441 13 17 26 
71 32 36 405 379 29 27 45 
64 46 45 412 362 16 18 61 
96 53 44 355 319 30 27 100 
105 55 49 347 299 33 40 96 
122 58 60 291 271 50 69 103 
155 67 71 283 223 64 58 103 
31 22 15 468 450 21 12 5 
38 39 32 436 428 18 20 13 
36 30 38 458 415 17 13 17 
58 30 27 452 396 14 24 23 
92 35 24 437 345 19 25 47 
86 34 29 393 379 30 26 47 
113 38 38 376 288 37 43 91 
117 51 51 364 258 44 52 87 
156 48 50 291 271 63 51 94 
146 56 64 255 245 84 78 96 
43 25 21 513 390 12 11 9 
63 28 33 471 381 24 11 13 
65 28 22 476 380 23 12 18 
80 13 28 500 369 8 15 11 
104 42 35 442 318 26 31 26 
121 33 34 408 316 35 30 47 
153 39 30 375 313 34 40 40 
163 41 44 328 276 61 49 62 
175 45 39 327 239 62 68 69 
192 63 56 277 192 90 76 78 
105 25 24 436 390 13 22 9 
101 24 18 467 368 15 15 16 
108 30 31 492 314 17 19 13 
129 44 28 416 313 34 29 31 
136 17 28 453 305 41 17 27 
162 34 38 400 275 47 34 34 
167 27 35 406 251 44 49 45 
198 41 34 350 241 55 54 51 
216 23 38 318 238 65 67 59 
205 50 54 286 190 74 95 70 
121 20 33 515 291 14 14 16 
143 23 23 441 335 30 21 8 
164 15 16 498 298 12 15 6 
168 21 22 456 305 23 19 10 
185 24 26 435 272 31 36 15 
216 18 25 416 254 33 33 29 
217 33 25 401 198 49 54 47 
226 32 32 367 201 69 50 47 
240 35 34 351 178 64 75 47 
266 45 48 285 154 94 82 50 
197 19 31 474 260 16 15 12 
215 24 28 460 245 24 16 12 
233 20 27 436 252 23 21 12 
221 18 28 471 221 29 29 7 
244 28 21 448 206 26 34 17 
258 16 28 408 185 50 40 39 
262 27 20 370 203 52 60 30 
282 24 21 358 200 58 47 34 
254 32 26 364 164 85 60 39 
268 46 45 298 135 100 82 50 
265 13 20 469 203 33 14 7 
291 27 19 429 208 16 26 8 
307 22 16 437 182 32 20 8 
304 21 18 442 177 35 16 11 
299 17 22 414 177 37 39 19 
295 18 21 423 171 43 35 18 
327 15 27 389 148 46 48 24 
322 36 27 339 146 56 68 30 
329 31 37 316 129 75 66 41 
297 41 36 277 128 103 86 56 
342 24 32 392 176 19 26 13 
363 14 14 420 154 19 22 18 
380 12 16 428 141 21 20 6 
374 14 15 419 131 27 30 14 
366 10 29 403 113 50 31 22 
375 22 34 372 119 41 40 21 
346 35 26 342 125 58 59 33 
349 29 28 343 96 83 68 28 
358 25 39 303 99 78 79 43 
337 44 39 247 104 100 112 41 
402 17 25 382 114 36 30 18 
425 17 26 370 112 38 19 17 
461 20 19 361 105 24 22 12 
441 20 15 380 91 31 29 17 
431 14 16 375 93 33 41 21 
425 16 28 361 77 40 56 21 
412 22 25 338 79 67 61 20 
404 40 31 294 79 68 76 32 
435 29 40 249 69 89 70 43 
382 38 39 237 66 90 117 55 
459 23 31 353 76 39 26 17 
499 24 19 340 68 31 33 10 
503 27 25 319 76 28 32 14 
459 21 22 352 59 56 39 16 
493 27 20 323 55 44 40 22 
488 22 30 307 48 51 51 27 
469 23 23 340 38 62 46 23 
454 38 35 270 45 81 73 28 
441 31 30 267 50 75 89 41 
415 42 47 222 40 94 103 61 
19 27 37 412 473 19 24 13 
23 38 31 432 459 17 18 6 
29 55 33 399 449 20 23 16 
49 42 43 427 390 18 21 34 
57 52 47 383 399 23 26 37 
66 55 47 394 359 27 22 54 
103 54 43 351 330 26 39 78 
130 70 49 310 314 50 25 76 
144 52 82 291 255 45 43 112 
174 63 85 227 216 70 64 125 
27 29 38 445 439 21 13 12 
44 24 38 461 417 15 13 12 
36 26 32 457 436 9 14 14 
62 43 43 424 382 14 24 32 
87 36 39 406 366 17 28 45 
114 55 50 374 346 29 20 36 
138 42 39 349 309 40 28 79 
151 51 67 342 275 36 41 61 
158 53 53 299 252 59 57 93 
188 77 75 273 207 77 62 65 
50 34 29 439 431 19 15 7 
69 38 28 463 396 11 13 6 
66 39 33 465 368 21 14 18 
81 42 50 445 341 24 17 24 
126 35 28 427 333 29 18 28 
129 23 40 426 307 33 27 39 
167 32 32 365 293 51 37 47 
181 46 34 350 253 47 50 63 
191 48 56 325 206 61 77 60 
200 72 62 275 179 90 77 69 
92 30 20 463 374 20 13 12 
92 19 30 482 357 19 8 17 
110 27 31 461 340 22 20 13 
136 24 30 440 322 36 22 14 
188 13 32 442 272 33 22 22 
181 21 32 427 260 43 30 30 
191 47 23 391 255 37 46 34 
217 38 47 345 234 44 59 40 
214 41 44 316 225 59 68 57 
236 49 52 288 178 78 78 65 
130 17 25 457 332 27 27 9 
157 27 28 458 309 16 16 13 
197 21 37 422 282 26 22 17 
213 17 19 459 260 27 18 11 
210 25 31 419 253 29 33 24 
211 17 21 431 248 28 36 32 
238 37 21 388 207 60 48 25 
231 36 40 376 188 58 58 37 
244 52 30 326 182 75 74 41 
269 43 25 309 163 91 78 46 
192 24 36 442 261 26 25 18 
196 26 30 434 285 20 18 15 
243 23 23 425 261 17 25 7 
234 26 22 446 235 29 22 10 
265 28 15 440 193 34 27 22 
281 24 21 403 172 52 49 22 
299 28 25 361 206 42 39 24 
293 34 32 325 161 65 77 37 
307 32 30 304 142 103 77 29 
328 35 37 250 127 89 110 48 
277 14 21 451 201 24 20 16 
309 19 26 416 197 24 22 11 
322 16 20 410 191 26 30 9 
325 20 17 401 211 16 22 12 
359 12 11 405 155 41 28 13 
359 17 16 373 145 54 40 20 
359 16 16 340 162 58 44 29 
365 33 24 338 98 68 64 34 
345 27 36 311 104 81 78 42 
323 36 31 288 97 121 85 43 
341 18 29 382 179 34 26 15 
335 17 22 412 170 32 30 6 
375 16 21 412 133 28 28 11 
413 12 8 390 134 30 30 7 
416 15 11 401 106 31 38 6 
409 15 14 347 120 53 43 23 
404 26 32 340 108 57 42 15 
389 31 40 331 88 60 57 28 
367 33 30 314 72 83 93 32 
384 28 43 277 74 85 92 41 
392 29 31 361 131 32 29 19 
454 27 17 371 96 23 25 11 
422 7 17 394 113 27 34 10 
478 12 15 364 77 37 29 12 
479 17 12 368 77 33 27 11 
446 19 21 351 78 48 38 23 
455 17 21 329 82 48 58 14 
450 25 24 283 68 69 77 28 
448 26 24 287 57 91 66 25 
400 34 49 260 49 94 93 45 
484 28 16 319 101 41 25 10 
477 28 22 335 78 37 29 18 
510 16 17 339 67 35 29 11 
521 21 22 295 70 42 35 18 
510 20 27 325 56 33 35 18 
517 13 18 311 52 53 40 20 
525 24 22 271 48 49 65 20 
521 21 28 263 44 73 44 30 
450 38 46 254 38 77 79 42 
429 43 49 231 36 93 91 52 
15 36 40 411 483 18 10 11 
14 40 48 423 472 7 11 9 
36 46 45 397 459 14 12 15 
55 41 43 429 396 18 18 24 
73 70 55 356 391 19 20 40 
102 60 52 336 339 35 33 67 
134 75 61 332 287 34 29 72 
146 76 53 295 286 41 48 79 
178 71 91 242 248 43 57 94 
182 81 84 242 192 63 73 107 
36 40 39 418 438 16 18 19 
53 35 52 419 403 26 23 13 
45 50 56 407 405 21 22 18 
72 35 48 404 384 19 31 31 
100 46 64 363 370 25 22 34 
103 54 44 359 349 39 23 53 
147 55 50 348 281 43 28 72 
154 54 45 349 259 40 44 79 
184 62 67 284 228 63 56 80 
198 81 76 241 190 77 76 85 
64 31 32 449 402 15 12 19 
82 28 40 447 388 18 13 8 
101 37 47 432 356 22 20 9 
114 23 25 447 361 17 21 16 
115 34 39 403 358 30 23 22 
146 43 32 399 312 26 35 31 
170 52 65 354 253 39 46 45 
202 32 55 341 237 57 46 54 
200 67 58 307 187 75 71 59 
221 53 74 263 199 78 73 63 
79 42 46 434 372 21 12 18 
128 32 30 442 344 21 14 13 
124 33 39 455 313 20 22 18 
172 31 37 412 306 24 24 18 
191 30 33 416 292 23 22 17 
198 28 38 379 275 33 36 37 
226 42 32 357 253 48 41 25 
249 37 38 347 195 54 53 51 
242 54 57 287 187 68 80 49 
258 42 63 276 141 97 91 56 
136 31 33 458 320 18 15 13 
176 35 21 458 287 17 16 14 
191 26 23 432 315 18 11 8 
228 26 28 433 265 18 15 11 
215 28 28 426 264 31 24 8 
203 27 27 427 227 35 51 27 
280 26 30 356 227 37 37 31 
247 38 34 379 167 57 65 37 
304 47 42 282 163 75 75 36 
291 40 40 305 147 87 70 44 
206 32 20 411 312 20 12 11 
194 29 37 442 274 21 20 7 
253 33 28 411 250 16 20 13 
257 22 30 454 209 26 12 14 
287 32 23 395 204 33 38 12 
297 23 25 389 186 41 45 18 
337 25 22 363 148 56 56 17 
332 30 33 356 140 59 51 23 
